
instructions for the field:
line
0 250 -250 500 250 -250
line
500 250 -250 500 250 750
line
500 250 750 0 250 750
line
0 250 750 0 250 -250
line
0 250 250 200 250 250
line
300 250 250 500 250 250
line
250 250 -250 250 250 200
line
250 250 300 250 250 750
instructions for the gaussian surface:
line
200 250 200 300 250 200
line
300 250 200 300 250 300
line
300 250 300 200 250 300
line
200 250 300 200 250 200
line
200 150 200 300 150 200
line
300 150 200 300 150 300
line
300 150 300 200 150 300
line
200 150 300 200 150 200
line
200 150 200 200 350 200
line
200 350 200 300 350 200
line
300 350 200 300 150 200
line
200 350 200 200 350 300
line
200 350 300 300 350 300
line
300 350 300 300 350 200
line
200 150 300 200 350 300
line
300 150 300 300 350 300
    line
33 100 -225 33 400 -225
line
33 400 -225 28 395 -225
line
33 400 -225 38 395 -225
line
33 100 -225 28 105 -225
line
33 100 -225 38 105 -225
line
33 100 -175 33 400 -175
line
33 400 -175 28 395 -175
line
33 400 -175 38 395 -175
line
33 100 -175 28 105 -175
line
33 100 -175 38 105 -175
line
33 100 -125 33 400 -125
line
33 400 -125 28 395 -125
line
33 400 -125 38 395 -125
line
33 100 -125 28 105 -125
line
33 100 -125 38 105 -125
line
33 100 -75 33 400 -75
line
33 400 -75 28 395 -75
line
33 400 -75 38 395 -75
line
33 100 -75 28 105 -75
line
33 100 -75 38 105 -75
line
33 100 -25 33 400 -25
line
33 400 -25 28 395 -25
line
33 400 -25 38 395 -25
line
33 100 -25 28 105 -25
line
33 100 -25 38 105 -25
line
33 100 25 33 400 25
line
33 400 25 28 395 25
line
33 400 25 38 395 25
line
33 100 25 28 105 25
line
33 100 25 38 105 25
line
33 100 75 33 400 75
line
33 400 75 28 395 75
line
33 400 75 38 395 75
line
33 100 75 28 105 75
line
33 100 75 38 105 75
line
33 100 125 33 400 125
line
33 400 125 28 395 125
line
33 400 125 38 395 125
line
33 100 125 28 105 125
line
33 100 125 38 105 125
line
33 100 175 33 400 175
line
33 400 175 28 395 175
line
33 400 175 38 395 175
line
33 100 175 28 105 175
line
33 100 175 38 105 175
line
33 100 225 33 400 225
line
33 400 225 28 395 225
line
33 400 225 38 395 225
line
33 100 225 28 105 225
line
33 100 225 38 105 225
line
33 100 275 33 400 275
line
33 400 275 28 395 275
line
33 400 275 38 395 275
line
33 100 275 28 105 275
line
33 100 275 38 105 275
line
33 100 325 33 400 325
line
33 400 325 28 395 325
line
33 400 325 38 395 325
line
33 100 325 28 105 325
line
33 100 325 38 105 325
line
33 100 375 33 400 375
line
33 400 375 28 395 375
line
33 400 375 38 395 375
line
33 100 375 28 105 375
line
33 100 375 38 105 375
line
33 100 425 33 400 425
line
33 400 425 28 395 425
line
33 400 425 38 395 425
line
33 100 425 28 105 425
line
33 100 425 38 105 425
line
33 100 475 33 400 475
line
33 400 475 28 395 475
line
33 400 475 38 395 475
line
33 100 475 28 105 475
line
33 100 475 38 105 475
line
33 100 525 33 400 525
line
33 400 525 28 395 525
line
33 400 525 38 395 525
line
33 100 525 28 105 525
line
33 100 525 38 105 525
line
33 100 575 33 400 575
line
33 400 575 28 395 575
line
33 400 575 38 395 575
line
33 100 575 28 105 575
line
33 100 575 38 105 575
line
33 100 625 33 400 625
line
33 400 625 28 395 625
line
33 400 625 38 395 625
line
33 100 625 28 105 625
line
33 100 625 38 105 625
line
33 100 675 33 400 675
line
33 400 675 28 395 675
line
33 400 675 38 395 675
line
33 100 675 28 105 675
line
33 100 675 38 105 675
line
33 100 725 33 400 725
line
33 400 725 28 395 725
line
33 400 725 38 395 725
line
33 100 725 28 105 725
line
33 100 725 38 105 725
line
83 100 -225 83 400 -225
line
83 400 -225 78 395 -225
line
83 400 -225 88 395 -225
line
83 100 -225 78 105 -225
line
83 100 -225 88 105 -225
line
83 100 -175 83 400 -175
line
83 400 -175 78 395 -175
line
83 400 -175 88 395 -175
line
83 100 -175 78 105 -175
line
83 100 -175 88 105 -175
line
83 100 -125 83 400 -125
line
83 400 -125 78 395 -125
line
83 400 -125 88 395 -125
line
83 100 -125 78 105 -125
line
83 100 -125 88 105 -125
line
83 100 -75 83 400 -75
line
83 400 -75 78 395 -75
line
83 400 -75 88 395 -75
line
83 100 -75 78 105 -75
line
83 100 -75 88 105 -75
line
83 100 -25 83 400 -25
line
83 400 -25 78 395 -25
line
83 400 -25 88 395 -25
line
83 100 -25 78 105 -25
line
83 100 -25 88 105 -25
line
83 100 25 83 400 25
line
83 400 25 78 395 25
line
83 400 25 88 395 25
line
83 100 25 78 105 25
line
83 100 25 88 105 25
line
83 100 75 83 400 75
line
83 400 75 78 395 75
line
83 400 75 88 395 75
line
83 100 75 78 105 75
line
83 100 75 88 105 75
line
83 100 125 83 400 125
line
83 400 125 78 395 125
line
83 400 125 88 395 125
line
83 100 125 78 105 125
line
83 100 125 88 105 125
line
83 100 175 83 400 175
line
83 400 175 78 395 175
line
83 400 175 88 395 175
line
83 100 175 78 105 175
line
83 100 175 88 105 175
line
83 100 225 83 400 225
line
83 400 225 78 395 225
line
83 400 225 88 395 225
line
83 100 225 78 105 225
line
83 100 225 88 105 225
line
83 100 275 83 400 275
line
83 400 275 78 395 275
line
83 400 275 88 395 275
line
83 100 275 78 105 275
line
83 100 275 88 105 275
line
83 100 325 83 400 325
line
83 400 325 78 395 325
line
83 400 325 88 395 325
line
83 100 325 78 105 325
line
83 100 325 88 105 325
line
83 100 375 83 400 375
line
83 400 375 78 395 375
line
83 400 375 88 395 375
line
83 100 375 78 105 375
line
83 100 375 88 105 375
line
83 100 425 83 400 425
line
83 400 425 78 395 425
line
83 400 425 88 395 425
line
83 100 425 78 105 425
line
83 100 425 88 105 425
line
83 100 475 83 400 475
line
83 400 475 78 395 475
line
83 400 475 88 395 475
line
83 100 475 78 105 475
line
83 100 475 88 105 475
line
83 100 525 83 400 525
line
83 400 525 78 395 525
line
83 400 525 88 395 525
line
83 100 525 78 105 525
line
83 100 525 88 105 525
line
83 100 575 83 400 575
line
83 400 575 78 395 575
line
83 400 575 88 395 575
line
83 100 575 78 105 575
line
83 100 575 88 105 575
line
83 100 625 83 400 625
line
83 400 625 78 395 625
line
83 400 625 88 395 625
line
83 100 625 78 105 625
line
83 100 625 88 105 625
line
83 100 675 83 400 675
line
83 400 675 78 395 675
line
83 400 675 88 395 675
line
83 100 675 78 105 675
line
83 100 675 88 105 675
line
83 100 725 83 400 725
line
83 400 725 78 395 725
line
83 400 725 88 395 725
line
83 100 725 78 105 725
line
83 100 725 88 105 725
line
133 100 -225 133 400 -225
line
133 400 -225 128 395 -225
line
133 400 -225 138 395 -225
line
133 100 -225 128 105 -225
line
133 100 -225 138 105 -225
line
133 100 -175 133 400 -175
line
133 400 -175 128 395 -175
line
133 400 -175 138 395 -175
line
133 100 -175 128 105 -175
line
133 100 -175 138 105 -175
line
133 100 -125 133 400 -125
line
133 400 -125 128 395 -125
line
133 400 -125 138 395 -125
line
133 100 -125 128 105 -125
line
133 100 -125 138 105 -125
line
133 100 -75 133 400 -75
line
133 400 -75 128 395 -75
line
133 400 -75 138 395 -75
line
133 100 -75 128 105 -75
line
133 100 -75 138 105 -75
line
133 100 -25 133 400 -25
line
133 400 -25 128 395 -25
line
133 400 -25 138 395 -25
line
133 100 -25 128 105 -25
line
133 100 -25 138 105 -25
line
133 100 25 133 400 25
line
133 400 25 128 395 25
line
133 400 25 138 395 25
line
133 100 25 128 105 25
line
133 100 25 138 105 25
line
133 100 75 133 400 75
line
133 400 75 128 395 75
line
133 400 75 138 395 75
line
133 100 75 128 105 75
line
133 100 75 138 105 75
line
133 100 125 133 400 125
line
133 400 125 128 395 125
line
133 400 125 138 395 125
line
133 100 125 128 105 125
line
133 100 125 138 105 125
line
133 100 175 133 400 175
line
133 400 175 128 395 175
line
133 400 175 138 395 175
line
133 100 175 128 105 175
line
133 100 175 138 105 175
line
133 100 225 133 400 225
line
133 400 225 128 395 225
line
133 400 225 138 395 225
line
133 100 225 128 105 225
line
133 100 225 138 105 225
line
133 100 275 133 400 275
line
133 400 275 128 395 275
line
133 400 275 138 395 275
line
133 100 275 128 105 275
line
133 100 275 138 105 275
line
133 100 325 133 400 325
line
133 400 325 128 395 325
line
133 400 325 138 395 325
line
133 100 325 128 105 325
line
133 100 325 138 105 325
line
133 100 375 133 400 375
line
133 400 375 128 395 375
line
133 400 375 138 395 375
line
133 100 375 128 105 375
line
133 100 375 138 105 375
line
133 100 425 133 400 425
line
133 400 425 128 395 425
line
133 400 425 138 395 425
line
133 100 425 128 105 425
line
133 100 425 138 105 425
line
133 100 475 133 400 475
line
133 400 475 128 395 475
line
133 400 475 138 395 475
line
133 100 475 128 105 475
line
133 100 475 138 105 475
line
133 100 525 133 400 525
line
133 400 525 128 395 525
line
133 400 525 138 395 525
line
133 100 525 128 105 525
line
133 100 525 138 105 525
line
133 100 575 133 400 575
line
133 400 575 128 395 575
line
133 400 575 138 395 575
line
133 100 575 128 105 575
line
133 100 575 138 105 575
line
133 100 625 133 400 625
line
133 400 625 128 395 625
line
133 400 625 138 395 625
line
133 100 625 128 105 625
line
133 100 625 138 105 625
line
133 100 675 133 400 675
line
133 400 675 128 395 675
line
133 400 675 138 395 675
line
133 100 675 128 105 675
line
133 100 675 138 105 675
line
133 100 725 133 400 725
line
133 400 725 128 395 725
line
133 400 725 138 395 725
line
133 100 725 128 105 725
line
133 100 725 138 105 725
line
183 100 -225 183 400 -225
line
183 400 -225 178 395 -225
line
183 400 -225 188 395 -225
line
183 100 -225 178 105 -225
line
183 100 -225 188 105 -225
line
183 100 -175 183 400 -175
line
183 400 -175 178 395 -175
line
183 400 -175 188 395 -175
line
183 100 -175 178 105 -175
line
183 100 -175 188 105 -175
line
183 100 -125 183 400 -125
line
183 400 -125 178 395 -125
line
183 400 -125 188 395 -125
line
183 100 -125 178 105 -125
line
183 100 -125 188 105 -125
line
183 100 -75 183 400 -75
line
183 400 -75 178 395 -75
line
183 400 -75 188 395 -75
line
183 100 -75 178 105 -75
line
183 100 -75 188 105 -75
line
183 100 -25 183 400 -25
line
183 400 -25 178 395 -25
line
183 400 -25 188 395 -25
line
183 100 -25 178 105 -25
line
183 100 -25 188 105 -25
line
183 100 25 183 400 25
line
183 400 25 178 395 25
line
183 400 25 188 395 25
line
183 100 25 178 105 25
line
183 100 25 188 105 25
line
183 100 75 183 400 75
line
183 400 75 178 395 75
line
183 400 75 188 395 75
line
183 100 75 178 105 75
line
183 100 75 188 105 75
line
183 100 125 183 400 125
line
183 400 125 178 395 125
line
183 400 125 188 395 125
line
183 100 125 178 105 125
line
183 100 125 188 105 125
line
183 100 175 183 400 175
line
183 400 175 178 395 175
line
183 400 175 188 395 175
line
183 100 175 178 105 175
line
183 100 175 188 105 175
line
183 100 225 183 400 225
line
183 400 225 178 395 225
line
183 400 225 188 395 225
line
183 100 225 178 105 225
line
183 100 225 188 105 225
line
183 100 275 183 400 275
line
183 400 275 178 395 275
line
183 400 275 188 395 275
line
183 100 275 178 105 275
line
183 100 275 188 105 275
line
183 100 325 183 400 325
line
183 400 325 178 395 325
line
183 400 325 188 395 325
line
183 100 325 178 105 325
line
183 100 325 188 105 325
line
183 100 375 183 400 375
line
183 400 375 178 395 375
line
183 400 375 188 395 375
line
183 100 375 178 105 375
line
183 100 375 188 105 375
line
183 100 425 183 400 425
line
183 400 425 178 395 425
line
183 400 425 188 395 425
line
183 100 425 178 105 425
line
183 100 425 188 105 425
line
183 100 475 183 400 475
line
183 400 475 178 395 475
line
183 400 475 188 395 475
line
183 100 475 178 105 475
line
183 100 475 188 105 475
line
183 100 525 183 400 525
line
183 400 525 178 395 525
line
183 400 525 188 395 525
line
183 100 525 178 105 525
line
183 100 525 188 105 525
line
183 100 575 183 400 575
line
183 400 575 178 395 575
line
183 400 575 188 395 575
line
183 100 575 178 105 575
line
183 100 575 188 105 575
line
183 100 625 183 400 625
line
183 400 625 178 395 625
line
183 400 625 188 395 625
line
183 100 625 178 105 625
line
183 100 625 188 105 625
line
183 100 675 183 400 675
line
183 400 675 178 395 675
line
183 400 675 188 395 675
line
183 100 675 178 105 675
line
183 100 675 188 105 675
line
183 100 725 183 400 725
line
183 400 725 178 395 725
line
183 400 725 188 395 725
line
183 100 725 178 105 725
line
183 100 725 188 105 725
line
233 100 -225 233 400 -225
line
233 400 -225 228 395 -225
line
233 400 -225 238 395 -225
line
233 100 -225 228 105 -225
line
233 100 -225 238 105 -225
line
233 100 -175 233 400 -175
line
233 400 -175 228 395 -175
line
233 400 -175 238 395 -175
line
233 100 -175 228 105 -175
line
233 100 -175 238 105 -175
line
233 100 -125 233 400 -125
line
233 400 -125 228 395 -125
line
233 400 -125 238 395 -125
line
233 100 -125 228 105 -125
line
233 100 -125 238 105 -125
line
233 100 -75 233 400 -75
line
233 400 -75 228 395 -75
line
233 400 -75 238 395 -75
line
233 100 -75 228 105 -75
line
233 100 -75 238 105 -75
line
233 100 -25 233 400 -25
line
233 400 -25 228 395 -25
line
233 400 -25 238 395 -25
line
233 100 -25 228 105 -25
line
233 100 -25 238 105 -25
line
233 100 25 233 400 25
line
233 400 25 228 395 25
line
233 400 25 238 395 25
line
233 100 25 228 105 25
line
233 100 25 238 105 25
line
233 100 75 233 400 75
line
233 400 75 228 395 75
line
233 400 75 238 395 75
line
233 100 75 228 105 75
line
233 100 75 238 105 75
line
233 100 125 233 400 125
line
233 400 125 228 395 125
line
233 400 125 238 395 125
line
233 100 125 228 105 125
line
233 100 125 238 105 125
line
233 100 175 233 400 175
line
233 400 175 228 395 175
line
233 400 175 238 395 175
line
233 100 175 228 105 175
line
233 100 175 238 105 175
line
233 100 225 233 400 225
line
233 400 225 228 395 225
line
233 400 225 238 395 225
line
233 100 225 228 105 225
line
233 100 225 238 105 225
line
233 100 275 233 400 275
line
233 400 275 228 395 275
line
233 400 275 238 395 275
line
233 100 275 228 105 275
line
233 100 275 238 105 275
line
233 100 325 233 400 325
line
233 400 325 228 395 325
line
233 400 325 238 395 325
line
233 100 325 228 105 325
line
233 100 325 238 105 325
line
233 100 375 233 400 375
line
233 400 375 228 395 375
line
233 400 375 238 395 375
line
233 100 375 228 105 375
line
233 100 375 238 105 375
line
233 100 425 233 400 425
line
233 400 425 228 395 425
line
233 400 425 238 395 425
line
233 100 425 228 105 425
line
233 100 425 238 105 425
line
233 100 475 233 400 475
line
233 400 475 228 395 475
line
233 400 475 238 395 475
line
233 100 475 228 105 475
line
233 100 475 238 105 475
line
233 100 525 233 400 525
line
233 400 525 228 395 525
line
233 400 525 238 395 525
line
233 100 525 228 105 525
line
233 100 525 238 105 525
line
233 100 575 233 400 575
line
233 400 575 228 395 575
line
233 400 575 238 395 575
line
233 100 575 228 105 575
line
233 100 575 238 105 575
line
233 100 625 233 400 625
line
233 400 625 228 395 625
line
233 400 625 238 395 625
line
233 100 625 228 105 625
line
233 100 625 238 105 625
line
233 100 675 233 400 675
line
233 400 675 228 395 675
line
233 400 675 238 395 675
line
233 100 675 228 105 675
line
233 100 675 238 105 675
line
233 100 725 233 400 725
line
233 400 725 228 395 725
line
233 400 725 238 395 725
line
233 100 725 228 105 725
line
233 100 725 238 105 725
line
283 100 -225 283 400 -225
line
283 400 -225 278 395 -225
line
283 400 -225 288 395 -225
line
283 100 -225 278 105 -225
line
283 100 -225 288 105 -225
line
283 100 -175 283 400 -175
line
283 400 -175 278 395 -175
line
283 400 -175 288 395 -175
line
283 100 -175 278 105 -175
line
283 100 -175 288 105 -175
line
283 100 -125 283 400 -125
line
283 400 -125 278 395 -125
line
283 400 -125 288 395 -125
line
283 100 -125 278 105 -125
line
283 100 -125 288 105 -125
line
283 100 -75 283 400 -75
line
283 400 -75 278 395 -75
line
283 400 -75 288 395 -75
line
283 100 -75 278 105 -75
line
283 100 -75 288 105 -75
line
283 100 -25 283 400 -25
line
283 400 -25 278 395 -25
line
283 400 -25 288 395 -25
line
283 100 -25 278 105 -25
line
283 100 -25 288 105 -25
line
283 100 25 283 400 25
line
283 400 25 278 395 25
line
283 400 25 288 395 25
line
283 100 25 278 105 25
line
283 100 25 288 105 25
line
283 100 75 283 400 75
line
283 400 75 278 395 75
line
283 400 75 288 395 75
line
283 100 75 278 105 75
line
283 100 75 288 105 75
line
283 100 125 283 400 125
line
283 400 125 278 395 125
line
283 400 125 288 395 125
line
283 100 125 278 105 125
line
283 100 125 288 105 125
line
283 100 175 283 400 175
line
283 400 175 278 395 175
line
283 400 175 288 395 175
line
283 100 175 278 105 175
line
283 100 175 288 105 175
line
283 100 225 283 400 225
line
283 400 225 278 395 225
line
283 400 225 288 395 225
line
283 100 225 278 105 225
line
283 100 225 288 105 225
line
283 100 275 283 400 275
line
283 400 275 278 395 275
line
283 400 275 288 395 275
line
283 100 275 278 105 275
line
283 100 275 288 105 275
line
283 100 325 283 400 325
line
283 400 325 278 395 325
line
283 400 325 288 395 325
line
283 100 325 278 105 325
line
283 100 325 288 105 325
line
283 100 375 283 400 375
line
283 400 375 278 395 375
line
283 400 375 288 395 375
line
283 100 375 278 105 375
line
283 100 375 288 105 375
line
283 100 425 283 400 425
line
283 400 425 278 395 425
line
283 400 425 288 395 425
line
283 100 425 278 105 425
line
283 100 425 288 105 425
line
283 100 475 283 400 475
line
283 400 475 278 395 475
line
283 400 475 288 395 475
line
283 100 475 278 105 475
line
283 100 475 288 105 475
line
283 100 525 283 400 525
line
283 400 525 278 395 525
line
283 400 525 288 395 525
line
283 100 525 278 105 525
line
283 100 525 288 105 525
line
283 100 575 283 400 575
line
283 400 575 278 395 575
line
283 400 575 288 395 575
line
283 100 575 278 105 575
line
283 100 575 288 105 575
line
283 100 625 283 400 625
line
283 400 625 278 395 625
line
283 400 625 288 395 625
line
283 100 625 278 105 625
line
283 100 625 288 105 625
line
283 100 675 283 400 675
line
283 400 675 278 395 675
line
283 400 675 288 395 675
line
283 100 675 278 105 675
line
283 100 675 288 105 675
line
283 100 725 283 400 725
line
283 400 725 278 395 725
line
283 400 725 288 395 725
line
283 100 725 278 105 725
line
283 100 725 288 105 725
line
333 100 -225 333 400 -225
line
333 400 -225 328 395 -225
line
333 400 -225 338 395 -225
line
333 100 -225 328 105 -225
line
333 100 -225 338 105 -225
line
333 100 -175 333 400 -175
line
333 400 -175 328 395 -175
line
333 400 -175 338 395 -175
line
333 100 -175 328 105 -175
line
333 100 -175 338 105 -175
line
333 100 -125 333 400 -125
line
333 400 -125 328 395 -125
line
333 400 -125 338 395 -125
line
333 100 -125 328 105 -125
line
333 100 -125 338 105 -125
line
333 100 -75 333 400 -75
line
333 400 -75 328 395 -75
line
333 400 -75 338 395 -75
line
333 100 -75 328 105 -75
line
333 100 -75 338 105 -75
line
333 100 -25 333 400 -25
line
333 400 -25 328 395 -25
line
333 400 -25 338 395 -25
line
333 100 -25 328 105 -25
line
333 100 -25 338 105 -25
line
333 100 25 333 400 25
line
333 400 25 328 395 25
line
333 400 25 338 395 25
line
333 100 25 328 105 25
line
333 100 25 338 105 25
line
333 100 75 333 400 75
line
333 400 75 328 395 75
line
333 400 75 338 395 75
line
333 100 75 328 105 75
line
333 100 75 338 105 75
line
333 100 125 333 400 125
line
333 400 125 328 395 125
line
333 400 125 338 395 125
line
333 100 125 328 105 125
line
333 100 125 338 105 125
line
333 100 175 333 400 175
line
333 400 175 328 395 175
line
333 400 175 338 395 175
line
333 100 175 328 105 175
line
333 100 175 338 105 175
line
333 100 225 333 400 225
line
333 400 225 328 395 225
line
333 400 225 338 395 225
line
333 100 225 328 105 225
line
333 100 225 338 105 225
line
333 100 275 333 400 275
line
333 400 275 328 395 275
line
333 400 275 338 395 275
line
333 100 275 328 105 275
line
333 100 275 338 105 275
line
333 100 325 333 400 325
line
333 400 325 328 395 325
line
333 400 325 338 395 325
line
333 100 325 328 105 325
line
333 100 325 338 105 325
line
333 100 375 333 400 375
line
333 400 375 328 395 375
line
333 400 375 338 395 375
line
333 100 375 328 105 375
line
333 100 375 338 105 375
line
333 100 425 333 400 425
line
333 400 425 328 395 425
line
333 400 425 338 395 425
line
333 100 425 328 105 425
line
333 100 425 338 105 425
line
333 100 475 333 400 475
line
333 400 475 328 395 475
line
333 400 475 338 395 475
line
333 100 475 328 105 475
line
333 100 475 338 105 475
line
333 100 525 333 400 525
line
333 400 525 328 395 525
line
333 400 525 338 395 525
line
333 100 525 328 105 525
line
333 100 525 338 105 525
line
333 100 575 333 400 575
line
333 400 575 328 395 575
line
333 400 575 338 395 575
line
333 100 575 328 105 575
line
333 100 575 338 105 575
line
333 100 625 333 400 625
line
333 400 625 328 395 625
line
333 400 625 338 395 625
line
333 100 625 328 105 625
line
333 100 625 338 105 625
line
333 100 675 333 400 675
line
333 400 675 328 395 675
line
333 400 675 338 395 675
line
333 100 675 328 105 675
line
333 100 675 338 105 675
line
333 100 725 333 400 725
line
333 400 725 328 395 725
line
333 400 725 338 395 725
line
333 100 725 328 105 725
line
333 100 725 338 105 725
line
383 100 -225 383 400 -225
line
383 400 -225 378 395 -225
line
383 400 -225 388 395 -225
line
383 100 -225 378 105 -225
line
383 100 -225 388 105 -225
line
383 100 -175 383 400 -175
line
383 400 -175 378 395 -175
line
383 400 -175 388 395 -175
line
383 100 -175 378 105 -175
line
383 100 -175 388 105 -175
line
383 100 -125 383 400 -125
line
383 400 -125 378 395 -125
line
383 400 -125 388 395 -125
line
383 100 -125 378 105 -125
line
383 100 -125 388 105 -125
line
383 100 -75 383 400 -75
line
383 400 -75 378 395 -75
line
383 400 -75 388 395 -75
line
383 100 -75 378 105 -75
line
383 100 -75 388 105 -75
line
383 100 -25 383 400 -25
line
383 400 -25 378 395 -25
line
383 400 -25 388 395 -25
line
383 100 -25 378 105 -25
line
383 100 -25 388 105 -25
line
383 100 25 383 400 25
line
383 400 25 378 395 25
line
383 400 25 388 395 25
line
383 100 25 378 105 25
line
383 100 25 388 105 25
line
383 100 75 383 400 75
line
383 400 75 378 395 75
line
383 400 75 388 395 75
line
383 100 75 378 105 75
line
383 100 75 388 105 75
line
383 100 125 383 400 125
line
383 400 125 378 395 125
line
383 400 125 388 395 125
line
383 100 125 378 105 125
line
383 100 125 388 105 125
line
383 100 175 383 400 175
line
383 400 175 378 395 175
line
383 400 175 388 395 175
line
383 100 175 378 105 175
line
383 100 175 388 105 175
line
383 100 225 383 400 225
line
383 400 225 378 395 225
line
383 400 225 388 395 225
line
383 100 225 378 105 225
line
383 100 225 388 105 225
line
383 100 275 383 400 275
line
383 400 275 378 395 275
line
383 400 275 388 395 275
line
383 100 275 378 105 275
line
383 100 275 388 105 275
line
383 100 325 383 400 325
line
383 400 325 378 395 325
line
383 400 325 388 395 325
line
383 100 325 378 105 325
line
383 100 325 388 105 325
line
383 100 375 383 400 375
line
383 400 375 378 395 375
line
383 400 375 388 395 375
line
383 100 375 378 105 375
line
383 100 375 388 105 375
line
383 100 425 383 400 425
line
383 400 425 378 395 425
line
383 400 425 388 395 425
line
383 100 425 378 105 425
line
383 100 425 388 105 425
line
383 100 475 383 400 475
line
383 400 475 378 395 475
line
383 400 475 388 395 475
line
383 100 475 378 105 475
line
383 100 475 388 105 475
line
383 100 525 383 400 525
line
383 400 525 378 395 525
line
383 400 525 388 395 525
line
383 100 525 378 105 525
line
383 100 525 388 105 525
line
383 100 575 383 400 575
line
383 400 575 378 395 575
line
383 400 575 388 395 575
line
383 100 575 378 105 575
line
383 100 575 388 105 575
line
383 100 625 383 400 625
line
383 400 625 378 395 625
line
383 400 625 388 395 625
line
383 100 625 378 105 625
line
383 100 625 388 105 625
line
383 100 675 383 400 675
line
383 400 675 378 395 675
line
383 400 675 388 395 675
line
383 100 675 378 105 675
line
383 100 675 388 105 675
line
383 100 725 383 400 725
line
383 400 725 378 395 725
line
383 400 725 388 395 725
line
383 100 725 378 105 725
line
383 100 725 388 105 725
line
433 100 -225 433 400 -225
line
433 400 -225 428 395 -225
line
433 400 -225 438 395 -225
line
433 100 -225 428 105 -225
line
433 100 -225 438 105 -225
line
433 100 -175 433 400 -175
line
433 400 -175 428 395 -175
line
433 400 -175 438 395 -175
line
433 100 -175 428 105 -175
line
433 100 -175 438 105 -175
line
433 100 -125 433 400 -125
line
433 400 -125 428 395 -125
line
433 400 -125 438 395 -125
line
433 100 -125 428 105 -125
line
433 100 -125 438 105 -125
line
433 100 -75 433 400 -75
line
433 400 -75 428 395 -75
line
433 400 -75 438 395 -75
line
433 100 -75 428 105 -75
line
433 100 -75 438 105 -75
line
433 100 -25 433 400 -25
line
433 400 -25 428 395 -25
line
433 400 -25 438 395 -25
line
433 100 -25 428 105 -25
line
433 100 -25 438 105 -25
line
433 100 25 433 400 25
line
433 400 25 428 395 25
line
433 400 25 438 395 25
line
433 100 25 428 105 25
line
433 100 25 438 105 25
line
433 100 75 433 400 75
line
433 400 75 428 395 75
line
433 400 75 438 395 75
line
433 100 75 428 105 75
line
433 100 75 438 105 75
line
433 100 125 433 400 125
line
433 400 125 428 395 125
line
433 400 125 438 395 125
line
433 100 125 428 105 125
line
433 100 125 438 105 125
line
433 100 175 433 400 175
line
433 400 175 428 395 175
line
433 400 175 438 395 175
line
433 100 175 428 105 175
line
433 100 175 438 105 175
line
433 100 225 433 400 225
line
433 400 225 428 395 225
line
433 400 225 438 395 225
line
433 100 225 428 105 225
line
433 100 225 438 105 225
line
433 100 275 433 400 275
line
433 400 275 428 395 275
line
433 400 275 438 395 275
line
433 100 275 428 105 275
line
433 100 275 438 105 275
line
433 100 325 433 400 325
line
433 400 325 428 395 325
line
433 400 325 438 395 325
line
433 100 325 428 105 325
line
433 100 325 438 105 325
line
433 100 375 433 400 375
line
433 400 375 428 395 375
line
433 400 375 438 395 375
line
433 100 375 428 105 375
line
433 100 375 438 105 375
line
433 100 425 433 400 425
line
433 400 425 428 395 425
line
433 400 425 438 395 425
line
433 100 425 428 105 425
line
433 100 425 438 105 425
line
433 100 475 433 400 475
line
433 400 475 428 395 475
line
433 400 475 438 395 475
line
433 100 475 428 105 475
line
433 100 475 438 105 475
line
433 100 525 433 400 525
line
433 400 525 428 395 525
line
433 400 525 438 395 525
line
433 100 525 428 105 525
line
433 100 525 438 105 525
line
433 100 575 433 400 575
line
433 400 575 428 395 575
line
433 400 575 438 395 575
line
433 100 575 428 105 575
line
433 100 575 438 105 575
line
433 100 625 433 400 625
line
433 400 625 428 395 625
line
433 400 625 438 395 625
line
433 100 625 428 105 625
line
433 100 625 438 105 625
line
433 100 675 433 400 675
line
433 400 675 428 395 675
line
433 400 675 438 395 675
line
433 100 675 428 105 675
line
433 100 675 438 105 675
line
433 100 725 433 400 725
line
433 400 725 428 395 725
line
433 400 725 438 395 725
line
433 100 725 428 105 725
line
433 100 725 438 105 725
line
483 100 -225 483 400 -225
line
483 400 -225 478 395 -225
line
483 400 -225 488 395 -225
line
483 100 -225 478 105 -225
line
483 100 -225 488 105 -225
line
483 100 -175 483 400 -175
line
483 400 -175 478 395 -175
line
483 400 -175 488 395 -175
line
483 100 -175 478 105 -175
line
483 100 -175 488 105 -175
line
483 100 -125 483 400 -125
line
483 400 -125 478 395 -125
line
483 400 -125 488 395 -125
line
483 100 -125 478 105 -125
line
483 100 -125 488 105 -125
line
483 100 -75 483 400 -75
line
483 400 -75 478 395 -75
line
483 400 -75 488 395 -75
line
483 100 -75 478 105 -75
line
483 100 -75 488 105 -75
line
483 100 -25 483 400 -25
line
483 400 -25 478 395 -25
line
483 400 -25 488 395 -25
line
483 100 -25 478 105 -25
line
483 100 -25 488 105 -25
line
483 100 25 483 400 25
line
483 400 25 478 395 25
line
483 400 25 488 395 25
line
483 100 25 478 105 25
line
483 100 25 488 105 25
line
483 100 75 483 400 75
line
483 400 75 478 395 75
line
483 400 75 488 395 75
line
483 100 75 478 105 75
line
483 100 75 488 105 75
line
483 100 125 483 400 125
line
483 400 125 478 395 125
line
483 400 125 488 395 125
line
483 100 125 478 105 125
line
483 100 125 488 105 125
line
483 100 175 483 400 175
line
483 400 175 478 395 175
line
483 400 175 488 395 175
line
483 100 175 478 105 175
line
483 100 175 488 105 175
line
483 100 225 483 400 225
line
483 400 225 478 395 225
line
483 400 225 488 395 225
line
483 100 225 478 105 225
line
483 100 225 488 105 225
line
483 100 275 483 400 275
line
483 400 275 478 395 275
line
483 400 275 488 395 275
line
483 100 275 478 105 275
line
483 100 275 488 105 275
line
483 100 325 483 400 325
line
483 400 325 478 395 325
line
483 400 325 488 395 325
line
483 100 325 478 105 325
line
483 100 325 488 105 325
line
483 100 375 483 400 375
line
483 400 375 478 395 375
line
483 400 375 488 395 375
line
483 100 375 478 105 375
line
483 100 375 488 105 375
line
483 100 425 483 400 425
line
483 400 425 478 395 425
line
483 400 425 488 395 425
line
483 100 425 478 105 425
line
483 100 425 488 105 425
line
483 100 475 483 400 475
line
483 400 475 478 395 475
line
483 400 475 488 395 475
line
483 100 475 478 105 475
line
483 100 475 488 105 475
line
483 100 525 483 400 525
line
483 400 525 478 395 525
line
483 400 525 488 395 525
line
483 100 525 478 105 525
line
483 100 525 488 105 525
line
483 100 575 483 400 575
line
483 400 575 478 395 575
line
483 400 575 488 395 575
line
483 100 575 478 105 575
line
483 100 575 488 105 575
line
483 100 625 483 400 625
line
483 400 625 478 395 625
line
483 400 625 488 395 625
line
483 100 625 478 105 625
line
483 100 625 488 105 625
line
483 100 675 483 400 675
line
483 400 675 478 395 675
line
483 400 675 488 395 675
line
483 100 675 478 105 675
line
483 100 675 488 105 675
line
483 100 725 483 400 725
line
483 400 725 478 395 725
line
483 400 725 488 395 725
line
483 100 725 478 105 725
line
483 100 725 488 105 725

ident
rotate
z 10
rotate
x 10
rotate
y 20
apply
display
save
pic.png
